% IEEE 9 bus test system WECC representation
Sbase = 100; % MVA base

nfrom = [1 4 5 3 6 7 8 8 9]';
    
nto = [4 5 6 6 7 8 2 9 4]';

r = [0 0.017 0.039 0 0.0119 0.0085 0 0.032 0.01]';

x = [0.0576 0.092 0.17 0.0586 0.1008 0.072 0.0625 0.161 0.085]';

b = [0 0.158 0.358 0 0.209 0.149 0 0.306 0.176]';

% Power flow data

is = 1; ipq = [4 5 6 7 8 9]'; ipv = [1 2 3]'; V0 = [1 1 1]';

toler = 0.001; maxiter = 10;

Pd = [0 0 0 0 90 0 100 0 125]'; Qd = [0 0 0 0 30 0 35 0 50]';

Pg = [0 163 85 0 0 0 0 0 0]'; Qg = [0 0 0 0 0 0 0 0 0]';
