%%%%% Updated IEEE 24-bus reliability test system (RTS)
%%%%%
%%%%% As per Ordoudis, C., Pinson, P., Morales González, J. M., & Zugno, M.
%%%%% (2016). An Updated Version of the IEEE RTS 24-Bus System
%%%%% for Electricity Market and Power System Operation
%%%%% Studies. Technical University of Denmark.

Sbase = 100; % MVA base

nfrom = [1 1 1 2 2 3 3 4 5 6 7 8 8 9 9 10 10 11 11 12 12 13 14 15 15 15 15 16 16 17 17 18 18 19 19 20 20 21]';
nto = [2 3 5 4 6 9 24 9 10 10 8 9 10 11 12 11 12 13 14 13 23 23 16 16 21 21 24 17 19 18 22 21 21 20 20 23 23 22]';
r = 1e-3*[3 55 22 33 50 31 2 27 23 144 16 43 43 2 2 2 2 6 5 6 12 11 5 2 6 6 7 3 3 2 14 3 3 5 5 3 3 9]';
x = 1e-3*[14 211 85 127 192 119 84 104 88 61 61 165 165 84 84 84 84 48 42 48 97 87 59 17 49 49 52 26 23 14 105 26 26 40 40 22 22 68]';
b = 1e-3*[461 57 23 34 52 32 0 28 24 2459 17 45 45 0 0 0 0 100 88 100 203 182 82 36 103 103 109 55 49 30 221 55 55 83 83 46 46 142]';

Iint = [0.6175 - 0.0553i
   0.7068 - 0.1666i
  -1.8001 + 0.5719i
  -0.7053 + 0.2822i
  -0.6506 + 0.2669i
  -1.1884 + 0.6885i
   1.0795 - 0.3828i
  -1.6131 + 0.6914i
  -1.7002 + 0.6108i
  -1.7639 + 0.6974i
  -0.0000 - 0.0000i
  -0.0000 - 0.0000i
  -0.1417 - 0.2260i
  -1.9804 + 0.7262i
  -1.1371 + 0.5125i
   0.5486 + 0.0120i
   0.0000 - 0.0000i
   0.8063 - 0.4647i
  -1.8042 + 0.0809i
  -1.2570 + 0.0500i
   3.9535 + 0.1340i
   2.5105 + 1.3945i
   5.9301 - 0.1697i
  -0.0000 - 0.0000i ];